lastAccountName: Console
timestamps:
  login: 1599728228644
  lastteleport: 1599728229975
  logout: 1599728744478
ipAddress: 5.35.29.35
lastlocation:
  world: world
  x: 2531.5
  y: 88.0
  z: 2571.5
  yaw: -213.4501
  pitch: 16.79999
logoutlocation:
  world: world
  x: 2531.5
  y: 88.0
  z: 2571.5
  yaw: -213.4501
  pitch: 16.79999
